503957
473055
403646
469011
437437
536232
443010
552698
424467
573811
409181
540878
502510
473258
455962
425193
597755
466106
506135
501835
413449
591770
418444
595373
585778
587354
588253
575909
454715
591172
515279
479346
574215
538323
437593
587307
564734
580761
464006
592943
462270
575172
589269
411721
426624
454203
529214
501114
568820
571928
546291
551683
575308
444561
561533
562562
505620
491804
461093
520470
502413
495555
469952
573016
431120
458638
468479
526554
553830
454822
549818
567539
589538
